192
1031
159
113
442
741
170
1288
1044
282
332
717
1172
1204
171
102
147
854
330
1075
838
245
252
351
60
634
215
135
173
205
1272
650
1057
580
1185
194
811
614
491
342
643
443
619
84
876
775
1159
791
68
1259
133
642
127
723
28
362
256
73
477
778
59
826
545
374
333
321
232
551
41
34
166
539
480
241
179
1321
630
340
1195
980
1143
72
708
742
919
994
383
412
18
1176
94
444
228
36
782
502
1047
400
635
101
358
207
1146
312
909
54
772
267
878
67
345
9
648
579
1046
525
149
417
1171
392
934
352
257
199
204
886
233
191
1092
401
118
273
106
164
366
320
803
403
123
343
42
246
121
1074
203
234
328
812
915
746
757
581
834
486
385
1183
81
418
39
964
531
338
359
371
277
437
264
978
463
685
291
1315
275
497
1154
74
1140
492
939
434
85
367
475
780
768
1007
1210
1088
136
966
29
193
305
177
704
424
223
1153
107
714
346
148
893
627
1043
510
1115
425
487
528
431
239
839
289
16
178
249
261
899
632
13
266
341
1186
154
58
140
904
446
20
1268
146
881
153
4
1310
578
96
1160
116
1062
10
716
82
707
498
286
415
543
297
