8.820000000000000000e+02
1.810000000000000000e+02
2.340000000000000000e+02
5.300000000000000000e+01
3.510000000000000000e+02
6.050000000000000000e+02
2.360000000000000000e+02
3.330000000000000000e+02
1.960000000000000000e+02
2.600000000000000000e+02
2.250000000000000000e+02
6.070000000000000000e+02
3.970000000000000000e+02
1.950000000000000000e+02
2.350000000000000000e+02
9.790000000000000000e+02
7.960000000000000000e+02
7.890000000000000000e+02
2.430000000000000000e+02
1.500000000000000000e+01
3.930000000000000000e+02
8.900000000000000000e+02
2.440000000000000000e+02
1.327000000000000000e+03
6.280000000000000000e+02
1.150000000000000000e+02
8.730000000000000000e+02
7.580000000000000000e+02
1.251000000000000000e+03
3.550000000000000000e+02
2.420000000000000000e+02
6.500000000000000000e+01
1.046000000000000000e+03
4.410000000000000000e+02
1.001000000000000000e+03
8.000000000000000000e+00
2.550000000000000000e+02
3.270000000000000000e+02
3.370000000000000000e+02
2.900000000000000000e+01
1.490000000000000000e+02
1.120000000000000000e+03
1.268000000000000000e+03
4.240000000000000000e+02
4.860000000000000000e+02
4.100000000000000000e+01
9.670000000000000000e+02
8.860000000000000000e+02
8.050000000000000000e+02
2.980000000000000000e+02
1.630000000000000000e+02
5.400000000000000000e+02
1.322000000000000000e+03
2.890000000000000000e+02
3.490000000000000000e+02
5.850000000000000000e+02
2.000000000000000000e+00
2.500000000000000000e+02
3.920000000000000000e+02
6.840000000000000000e+02
9.650000000000000000e+02
6.980000000000000000e+02
6.200000000000000000e+01
7.740000000000000000e+02
7.620000000000000000e+02
7.050000000000000000e+02
9.660000000000000000e+02
7.690000000000000000e+02
1.309000000000000000e+03
4.380000000000000000e+02
9.500000000000000000e+01
6.160000000000000000e+02
1.530000000000000000e+02
8.700000000000000000e+02
7.590000000000000000e+02
6.870000000000000000e+02
2.480000000000000000e+02
2.690000000000000000e+02
1.380000000000000000e+02
4.400000000000000000e+02
9.090000000000000000e+02
4.140000000000000000e+02
1.208000000000000000e+03
8.350000000000000000e+02
5.800000000000000000e+01
1.081000000000000000e+03
4.180000000000000000e+02
1.229000000000000000e+03
1.132000000000000000e+03
2.520000000000000000e+02
1.100000000000000000e+03
1.160000000000000000e+03
1.197000000000000000e+03
2.920000000000000000e+02
6.210000000000000000e+02
1.274000000000000000e+03
2.450000000000000000e+02
1.144000000000000000e+03
9.840000000000000000e+02
2.820000000000000000e+02
6.000000000000000000e+00
1.102000000000000000e+03
1.510000000000000000e+02
6.120000000000000000e+02
9.900000000000000000e+01
5.900000000000000000e+01
2.790000000000000000e+02
8.200000000000000000e+02
7.680000000000000000e+02
1.250000000000000000e+03
4.940000000000000000e+02
7.600000000000000000e+02
2.160000000000000000e+02
3.720000000000000000e+02
1.293000000000000000e+03
1.103000000000000000e+03
8.480000000000000000e+02
2.150000000000000000e+02
9.940000000000000000e+02
1.260000000000000000e+02
9.000000000000000000e+01
5.020000000000000000e+02
1.980000000000000000e+02
7.010000000000000000e+02
1.890000000000000000e+02
8.370000000000000000e+02
4.000000000000000000e+01
1.012000000000000000e+03
1.200000000000000000e+01
4.560000000000000000e+02
1.840000000000000000e+02
5.010000000000000000e+02
3.530000000000000000e+02
1.141000000000000000e+03
1.185000000000000000e+03
5.420000000000000000e+02
6.500000000000000000e+02
2.600000000000000000e+01
2.000000000000000000e+02
5.870000000000000000e+02
1.206000000000000000e+03
1.990000000000000000e+02
3.700000000000000000e+01
5.880000000000000000e+02
3.000000000000000000e+02
1.191000000000000000e+03
1.450000000000000000e+02
1.240000000000000000e+03
1.264000000000000000e+03
5.970000000000000000e+02
1.156000000000000000e+03
1.324000000000000000e+03
1.026000000000000000e+03
1.130000000000000000e+03
2.910000000000000000e+02
1.230000000000000000e+02
1.710000000000000000e+02
6.390000000000000000e+02
1.800000000000000000e+02
5.100000000000000000e+01
5.400000000000000000e+01
6.760000000000000000e+02
3.740000000000000000e+02
1.242000000000000000e+03
3.470000000000000000e+02
1.110000000000000000e+02
2.870000000000000000e+02
1.180000000000000000e+02
7.480000000000000000e+02
3.830000000000000000e+02
3.760000000000000000e+02
1.238000000000000000e+03
2.090000000000000000e+02
1.321000000000000000e+03
4.290000000000000000e+02
4.040000000000000000e+02
2.200000000000000000e+01
4.770000000000000000e+02
7.200000000000000000e+01
5.450000000000000000e+02
4.300000000000000000e+01
5.600000000000000000e+01
8.340000000000000000e+02
3.310000000000000000e+02
4.710000000000000000e+02
8.740000000000000000e+02
4.340000000000000000e+02
6.200000000000000000e+02
1.020000000000000000e+02
2.330000000000000000e+02
8.870000000000000000e+02
8.530000000000000000e+02
1.155000000000000000e+03
6.060000000000000000e+02
5.810000000000000000e+02
2.930000000000000000e+02
8.720000000000000000e+02
7.220000000000000000e+02
8.840000000000000000e+02
1.540000000000000000e+02
2.070000000000000000e+02
1.051000000000000000e+03
8.380000000000000000e+02
1.207000000000000000e+03
3.580000000000000000e+02
6.030000000000000000e+02
1.100000000000000000e+02
9.240000000000000000e+02
4.200000000000000000e+02
1.263000000000000000e+03
8.560000000000000000e+02
5.800000000000000000e+02
4.010000000000000000e+02
5.110000000000000000e+02
7.640000000000000000e+02
8.060000000000000000e+02
7.060000000000000000e+02
4.330000000000000000e+02
2.590000000000000000e+02
3.600000000000000000e+01
6.660000000000000000e+02
7.110000000000000000e+02
1.285000000000000000e+03
2.290000000000000000e+02
3.850000000000000000e+02
8.780000000000000000e+02
9.580000000000000000e+02
1.200000000000000000e+02
3.210000000000000000e+02
6.340000000000000000e+02
1.031000000000000000e+03
5.700000000000000000e+02
4.390000000000000000e+02
4.080000000000000000e+02
1.410000000000000000e+02
1.100000000000000000e+01
4.030000000000000000e+02
1.067000000000000000e+03
1.205000000000000000e+03
2.240000000000000000e+02
4.050000000000000000e+02
8.950000000000000000e+02
4.130000000000000000e+02
1.145000000000000000e+03
3.780000000000000000e+02
1.306000000000000000e+03
6.520000000000000000e+02
4.280000000000000000e+02
5.960000000000000000e+02
1.305000000000000000e+03
0.000000000000000000e+00
1.640000000000000000e+02
3.570000000000000000e+02
5.940000000000000000e+02
6.000000000000000000e+01
1.176000000000000000e+03
8.120000000000000000e+02
4.680000000000000000e+02
2.780000000000000000e+02
3.120000000000000000e+02
2.660000000000000000e+02
8.940000000000000000e+02
1.300000000000000000e+03
2.310000000000000000e+02
1.311000000000000000e+03
7.280000000000000000e+02
1.340000000000000000e+02
1.079000000000000000e+03
1.082000000000000000e+03
1.064000000000000000e+03
8.760000000000000000e+02
8.400000000000000000e+02
9.170000000000000000e+02
1.237000000000000000e+03
1.342000000000000000e+03
7.450000000000000000e+02
2.800000000000000000e+01
8.830000000000000000e+02
3.000000000000000000e+01
2.610000000000000000e+02
3.980000000000000000e+02
6.140000000000000000e+02
1.020000000000000000e+03
7.340000000000000000e+02
5.820000000000000000e+02
1.062000000000000000e+03
2.770000000000000000e+02
1.218000000000000000e+03
9.160000000000000000e+02
3.200000000000000000e+02
1.120000000000000000e+02
4.950000000000000000e+02
1.075000000000000000e+03
1.118000000000000000e+03
8.650000000000000000e+02
2.730000000000000000e+02
1.660000000000000000e+02
1.038000000000000000e+03
1.770000000000000000e+02
3.110000000000000000e+02
3.800000000000000000e+01
1.153000000000000000e+03
1.250000000000000000e+02
1.167000000000000000e+03
1.240000000000000000e+02
6.630000000000000000e+02
1.316000000000000000e+03
2.320000000000000000e+02
3.700000000000000000e+02
9.600000000000000000e+02
9.950000000000000000e+02
8.520000000000000000e+02
7.260000000000000000e+02
1.036000000000000000e+03
5.660000000000000000e+02
1.323000000000000000e+03
8.420000000000000000e+02
8.100000000000000000e+02
3.160000000000000000e+02
5.290000000000000000e+02
1.158000000000000000e+03
1.216000000000000000e+03
4.450000000000000000e+02
6.250000000000000000e+02
2.570000000000000000e+02
9.750000000000000000e+02
7.570000000000000000e+02
1.400000000000000000e+01
4.090000000000000000e+02
8.810000000000000000e+02
7.090000000000000000e+02
1.315000000000000000e+03
8.960000000000000000e+02
2.000000000000000000e+01
7.900000000000000000e+02
4.170000000000000000e+02
8.150000000000000000e+02
4.110000000000000000e+02
1.307000000000000000e+03
9.560000000000000000e+02
1.030000000000000000e+02
5.650000000000000000e+02
1.040000000000000000e+03
1.420000000000000000e+02
1.113000000000000000e+03
5.790000000000000000e+02
1.134000000000000000e+03
6.270000000000000000e+02
3.380000000000000000e+02
6.130000000000000000e+02
1.870000000000000000e+02
1.290000000000000000e+02
4.000000000000000000e+02
3.660000000000000000e+02
1.339000000000000000e+03
4.480000000000000000e+02
2.300000000000000000e+02
7.460000000000000000e+02
1.550000000000000000e+02
7.720000000000000000e+02
3.400000000000000000e+01
1.300000000000000000e+02
8.620000000000000000e+02
9.590000000000000000e+02
1.070000000000000000e+03
9.200000000000000000e+01
1.000000000000000000e+01
1.680000000000000000e+02
1.262000000000000000e+03
8.500000000000000000e+01
1.045000000000000000e+03
1.160000000000000000e+02
1.287000000000000000e+03
6.320000000000000000e+02
3.880000000000000000e+02
4.900000000000000000e+02
7.080000000000000000e+02
1.239000000000000000e+03
4.760000000000000000e+02
6.440000000000000000e+02
2.010000000000000000e+02
3.620000000000000000e+02
1.224000000000000000e+03
3.050000000000000000e+02
1.255000000000000000e+03
7.920000000000000000e+02
2.500000000000000000e+01
8.160000000000000000e+02
2.700000000000000000e+01
4.190000000000000000e+02
3.420000000000000000e+02
1.283000000000000000e+03
4.650000000000000000e+02
6.000000000000000000e+02
1.070000000000000000e+02
3.670000000000000000e+02
7.550000000000000000e+02
9.920000000000000000e+02
1.232000000000000000e+03
5.390000000000000000e+02
1.296000000000000000e+03
4.440000000000000000e+02
3.090000000000000000e+02
9.000000000000000000e+02
9.880000000000000000e+02
7.860000000000000000e+02
1.007000000000000000e+03
6.810000000000000000e+02
9.600000000000000000e+01
3.520000000000000000e+02
1.198000000000000000e+03
6.550000000000000000e+02
1.122000000000000000e+03
4.430000000000000000e+02
1.010000000000000000e+02
1.210000000000000000e+02
7.070000000000000000e+02
1.220000000000000000e+03
4.870000000000000000e+02
1.940000000000000000e+02
1.188000000000000000e+03
6.800000000000000000e+02
9.360000000000000000e+02
4.320000000000000000e+02
2.210000000000000000e+02
2.060000000000000000e+02
6.020000000000000000e+02
1.320000000000000000e+02
4.200000000000000000e+01
7.870000000000000000e+02
2.740000000000000000e+02
6.700000000000000000e+01
1.320000000000000000e+03
9.030000000000000000e+02
1.212000000000000000e+03
1.044000000000000000e+03
3.320000000000000000e+02
3.680000000000000000e+02
5.750000000000000000e+02
6.310000000000000000e+02
1.259000000000000000e+03
8.930000000000000000e+02
5.040000000000000000e+02
2.580000000000000000e+02
4.460000000000000000e+02
9.810000000000000000e+02
1.440000000000000000e+02
1.034000000000000000e+03
7.310000000000000000e+02
1.343000000000000000e+03
1.400000000000000000e+02
9.800000000000000000e+02
8.660000000000000000e+02
1.142000000000000000e+03
1.096000000000000000e+03
8.300000000000000000e+02
1.092000000000000000e+03
3.080000000000000000e+02
3.860000000000000000e+02
1.230000000000000000e+03
5.350000000000000000e+02
7.000000000000000000e+02
7.230000000000000000e+02
1.154000000000000000e+03
1.175000000000000000e+03
8.590000000000000000e+02
8.680000000000000000e+02
1.231000000000000000e+03
4.260000000000000000e+02
6.910000000000000000e+02
5.090000000000000000e+02
5.950000000000000000e+02
3.400000000000000000e+02
1.063000000000000000e+03
1.330000000000000000e+02
3.650000000000000000e+02
1.030000000000000000e+03
4.310000000000000000e+02
1.336000000000000000e+03
8.360000000000000000e+02
1.068000000000000000e+03
1.700000000000000000e+02
1.330000000000000000e+03
3.100000000000000000e+02
8.400000000000000000e+01
3.640000000000000000e+02
2.180000000000000000e+02
7.500000000000000000e+02
2.460000000000000000e+02
6.930000000000000000e+02
1.730000000000000000e+02
5.600000000000000000e+02
1.199000000000000000e+03
3.440000000000000000e+02
7.840000000000000000e+02
5.680000000000000000e+02
2.140000000000000000e+02
1.047000000000000000e+03
9.400000000000000000e+01
4.160000000000000000e+02
