0
0
0
0
0
0
0
0
0
0
0
0
0
0
0
0
0
0
0
0
0
0
0
0
0
0
0
0
1.24E-05
2.91E-05
3.55E-06
1.34E-06
2.44E-06
0
0
0
0
0
0
0
0
0
0
0
0
0
5.55E-06
0.000388677
0.001221776
0.001553972
0.000947272
0.000826797
0.000597799
0.000362542
3.08E-05
0
0
0
0
0
0
0
0
0
0
1.45E-05
0.000511161
0.002047403
0.003143518
0.004115882
0.002571853
0.003251109
0.003218122
0.002074088
0.000629818
4.78E-05
0
0
0
0
0
0
0
0
4.33E-06
0.000472805
0.001318494
0.001882363
0.003205391
0.003811919
0.003799997
0.004756624
0.003491261
0.003243339
0.001391058
0.000621945
4.47E-06
0
0
0
0
0
0
0
0.000232923
0.001008034
0.001622422
0.002136691
0.002713794
0.004739886
0.004637984
0.00525989
0.004114829
0.003119578
0.00240238
0.00159813
0.000207273
0
0
0
0
0
0
1.22E-05
0.000666193
0.001230944
0.001892825
0.002580255
0.003850873
0.005631639
0.006198335
0.005723163
0.004750086
0.00396752
0.002820562
0.001656663
0.000858307
4.22E-06
0
0
0
0
0
0.000142407
0.000886497
0.0014478
0.002286026
0.003398175
0.005476679
0.006261432
0.00838796
0.006934738
0.005509869
0.005019864
0.002859927
0.001968482
0.000951118
3.36E-05
0
0
0
0
0
0.000214461
0.000801263
0.001654894
0.002813037
0.004147166
0.007906764
0.009681405
0.010945615
0.010460815
0.007997526
0.00406587
0.003102402
0.002654768
0.001195379
7.94E-05
0
0
0
0
0
0.000192463
0.000695966
0.001446597
0.002824148
0.003892921
0.007326801
0.013056006
0.020037938
0.013298967
0.006666553
0.004303966
0.004254558
0.00212529
0.000953241
6.73E-05
0
0
0
0
0
0.000193474
0.000715493
0.001401086
0.002699045
0.004104016
0.007846215
0.011125133
0.015857914
0.011796884
0.00811377
0.006623017
0.00398634
0.001608362
0.000654366
5.98E-05
0
0
0
0
0
0.000158603
0.000747532
0.001355326
0.002706568
0.004761601
0.013731699
0.015377181
0.01156147
0.010462657
0.013477472
0.005267816
0.003775594
0.001741172
0.000685542
3.15E-05
0
0
0
0
0
5.31E-05
0.000830104
0.002032221
0.002325519
0.003748738
0.007447093
0.021594614
0.055157237
0.046364389
0.01016945
0.004537492
0.002632395
0.001936337
0.000606319
5.57E-06
0
0
0
0
0
1.51E-05
0.00086813
0.002246957
0.003998403
0.004769677
0.006080323
0.027818453
0.049567308
0.017601853
0.004073283
0.004112908
0.004185536
0.00187541
0.0005429
0
0
0
0
0
0
3.73E-06
0.000643354
0.002594296
0.00479056
0.004909826
0.006987972
0.005747801
0.003456496
0.00380684
0.004161822
0.003592179
0.003467698
0.001672822
0.000172552
0
0
0
0
0
0
0
0.000268566
0.001955814
0.003015652
0.006697666
0.003841365
0.002863507
0.003232799
0.002339704
0.002112924
0.003785055
0.003311682
0.001188735
3.55E-05
0
0
0
0
0
0
0
0.000168365
0.000904941
0.003000464
0.003793242
0.001879219
0.002259088
0.003164284
0.001586632
0.002530745
0.002012715
0.001961727
0.00048717
4.75E-07
0
0
0
0
0
0
0
1.38E-05
0.000636266
0.003088395
0.005511728
0.002079626
0.002605608
0.003032475
0.001902852
0.002485823
0.002035556
0.001111729
0.000149315
0
0
0
0
0
0
0
0
0
9.29E-05
0.000877576
0.002435856
0.002269833
0.001814263
0.002238671
0.002536246
0.00417223
0.00502974
0.000792195
2.78E-06
0
0
0
0
0
0
0
0
0
1.80E-06
0.000152361
0.0002764
0.000459221
0.000677132
0.000490682
0.000906733
0.001322957
0.001015916
8.86E-06
0
0
0
0
0
0
0
0
0
0
0
0
6.51E-06
3.72E-05
5.38E-05
0.0001137
7.46E-05
2.07E-05
1.14E-06
0
0
0
0
0
0
0
0
0
0
0
0
0
0
0
0
0
0
0
0
0
0
0
0
0
0
0
0
0
0
0
0
0
0
0
0
0
0
0
0
0
0
0
0
0
0
