1
1
1
1
1
1
1
1
0.999927163
0.999945343
1
1
1
1
1
1
1
1
1
1
1
1
1
1
1
1
0.9989779
0.992430925
0.985967159
0.984024763
0.984790146
0.983148038
0.985193729
0.992551446
0.998752356
1
1
1
1
1
1
1
1
1
1
0.997551858
0.984056592
0.972478211
0.968405306
0.96466589
0.964433014
0.962361395
0.965083778
0.970416009
0.977415442
0.993948758
0.999989569
1
1
1
1
1
1
1
0.99686867
0.983554363
0.970135748
0.952824533
0.934270561
0.921746254
0.925458968
0.920041382
0.926162958
0.948741496
0.963015854
0.978222966
0.996505857
1
1
1
1
1
1
0.999108791
0.986421466
0.97174257
0.946359575
0.921270192
0.894487262
0.881012499
0.873790741
0.869071782
0.886874497
0.918071866
0.941519022
0.966889918
0.983358979
0.999014676
1
1
1
1
1
0.992275596
0.97536695
0.946997344
0.91561383
0.897997022
0.871994734
0.851352632
0.842899919
0.841556728
0.862838686
0.886592269
0.912849784
0.945327997
0.973314762
0.992461324
1
1
1
1
0.999789536
0.982905746
0.962768316
0.92088294
0.897304773
0.872489631
0.840988815
0.825139701
0.821862936
0.814342797
0.832597792
0.86356771
0.89867878
0.923816681
0.960707843
0.981015027
0.999918461
1
1
1
0.997167826
0.974688053
0.944976985
0.907431006
0.879046738
0.84422785
0.811988175
0.804921269
0.800515294
0.795186222
0.806043804
0.842730522
0.881178916
0.913258553
0.947225809
0.972625792
0.999307334
1
1
1
0.993634284
0.968572795
0.931345463
0.900349617
0.870587885
0.82879132
0.800113916
0.789366722
0.776609063
0.784723401
0.798738003
0.84125632
0.872388661
0.905283809
0.942124426
0.9702425
0.998510659
1
1
1
0.992353678
0.965578258
0.92599237
0.898384869
0.870987236
0.834821284
0.805715621
0.79306829
0.778298557
0.796870291
0.812902153
0.844422579
0.876806736
0.907546937
0.942317486
0.968509376
0.997932076
1
1
1
0.993420005
0.96813345
0.928848505
0.900641441
0.876115024
0.855796278
0.832845807
0.809024513
0.795617163
0.815041721
0.837342322
0.860821009
0.879611135
0.905207634
0.938172221
0.967107713
0.997635365
1
1
1
0.995189428
0.972079039
0.940293312
0.898940444
0.876532793
0.865509212
0.85040015
0.821779013
0.801174462
0.829016924
0.851419628
0.863673806
0.864014447
0.89760536
0.944971502
0.971354485
0.998935819
1
1
1
0.998097658
0.973973572
0.950933874
0.903674603
0.877021909
0.865649104
0.855708241
0.830293298
0.809477568
0.832439959
0.848336875
0.858419895
0.866363943
0.906378925
0.954624891
0.977236509
0.999949574
1
1
1
0.999957204
0.978785634
0.959946036
0.907937288
0.874040484
0.867098629
0.855804265
0.831715167
0.810510039
0.830898404
0.852087736
0.86022836
0.878822684
0.920836091
0.959170818
0.98376137
1
1
1
1
1
0.985896885
0.968396187
0.921823621
0.873432815
0.867369413
0.864706159
0.841290653
0.820235789
0.839880764
0.859911144
0.865776598
0.891212642
0.939296305
0.963018775
0.993507981
1
1
1
1
1
0.991189599
0.970765233
0.941738844
0.895093143
0.88497591
0.879925609
0.851332605
0.835840285
0.857166052
0.879702926
0.888669848
0.912153125
0.953641593
0.970369756
0.999030828
1
1
1
1
1
0.996286452
0.973172545
0.956906796
0.925227165
0.905013084
0.891381204
0.867533088
0.852370203
0.874635518
0.891202092
0.907361507
0.932239652
0.960704625
0.985056102
0.999977887
1
1
1
1
1
0.999493718
0.983436823
0.965307295
0.943853259
0.921215117
0.898299575
0.882803619
0.876924753
0.89070183
0.898786366
0.916929543
0.945301235
0.970219493
0.994635344
1
1
1
1
1
1
0.999991775
0.993258178
0.977718115
0.960657179
0.94369936
0.929236412
0.9184497
0.917489886
0.919146776
0.924328387
0.936722279
0.957653403
0.982618511
0.999366581
1
1
1
1
1
1
1
0.999476433
0.991448641
0.979487956
0.970185697
0.958751976
0.948205352
0.945988119
0.947843432
0.951630831
0.960652173
0.979531944
0.997427225
1
1
1
1
1
1
1
1
1
0.999227345
0.993458986
0.986456871
0.977804422
0.966545343
0.959605813
0.960071683
0.969080329
0.985446513
0.99726361
1
1
1
1
1
1
1
1
1
1
1
1
0.999887347
0.998494744
0.994341671
0.990618885
0.992818594
0.997882485
0.999939919
1
1
1
1
1
1
1
1
1
1
1
1
1
1
1
1
1
1
1
1
1
1
1
1
1
1
